255 255 255 255 255 255 255 255 255 255 255 255 255 255 255 255
255   0   0   0   0   0 255 255 255   5   0   0   0   0   0 255
255   0 252 223 244   0 224 255 255  37   0 244 223 252   0 255
255   0 223   0 165   0 255 255 255   5   0 165   0 223   0 255
255   0 244 165 224   0 255   0   0 167   0 224 165 244   0 255
255   0   0   0   0   0   5 255 255   5   0   0   0   0   0 255
255   5   5 255   5   5   0 255 255   5   5 255 255 224 255 255
255   0 223 255  91 255   5 255   0 250 255  91   0  33 255 255
255 255  33 255   0 255 250   0   0   0 255   0   0  33   0 255
255   5  37   5   5   5 245   0   5 250   0  95   5   0 255 255
255   0   0   0   0   0   5 255 255   5 255 165 255 255   0 255
255   0 244 165 224   0   5  91 255 167   0 224 255  79 165 255
255   0 223   0 165   0 255   0   0 250 255  91   0  33 255 255
255   0 252 223 244   0   5  33   0  32 223  12   0  57 223 255
255   0   0   0   0   0   5   0   0 250   0  91   0   0   0 255
255 255 255 255 255 255 255 255 255 255 255 255 255 255 255 255
255 255 255 255 255 255 255 255 255 255 255 255 255 255 255 255
255   0   0   0   0   0 255 255 255   5   0   0   0   0   0 255
255   0 252 223 244   0 224 255 255  37   0 244 223 252   0 255
255   0 223   0 165   0 255 255 255   5   0 165   0 223   0 255
255   0 244 165 224   0 255   0   0 167   0 224 165 244   0 255
255   0   0   0   0   0   5 255 255   5   0   0   0   0   0 255
255   5   5 255   5   5   0 255 255   5   5 255 255 224 255 255
255   0 223 255  91 255   5 255   0 250 255  91   0  33 255 255
255 255  33 255   0 255 250   0   0   0 255   0   0  33   0 255
255   5  37   5   5   5 245   0   5 250   0  95   5   0 255 255
255   0   0   0   0   0   5 255 255   5 255 165 255 255   0 255
255   0 244 165 224   0   5  91 255 167   0 224 255  79 165 255
255   0 223   0 165   0 255   0   0 250 255  91   0  33 255 255
255   0 252 223 244   0   5  33   0  32 223  12   0  57 223 255
255   0   0   0   0   0   5   0   0 250   0  91   0   0   0 255
255 255 255 255 255 255 255 255 255 255 255 255 255 255 255 255
255 255 255 255 255 255 255 255 255 255 255 255 255 255 255 255
255   0   0   0   0   0 255 255 255   5   0   0   0   0   0 255
255   0 252 223 244   0 224 255 255  37   0 244 223 252   0 255
255   0 223   0 165   0 255 255 255   5   0 165   0 223   0 255
255   0 244 165 224   0 255   0   0 167   0 224 165 244   0 255
255   0   0   0   0   0   5 255 255   5   0   0   0   0   0 255
255   5   5 255   5   5   0 255 255   5   5 255 255 224 255 255
255   0 223 255  91 255   5 255   0 250 255  91   0  33 255 255
255 255  33 255   0 255 250   0   0   0 255   0   0  33   0 255
255   5  37   5   5   5 245   0   5 250   0  95   5   0 255 255
255   0   0   0   0   0   5 255 255   5 255 165 255 255   0 255
255   0 244 165 224   0   5  91 255 167   0 224 255  79 165 255
255   0 223   0 165   0 255   0   0 250 255  91   0  33 255 255
255   0 252 223 244   0   5  33   0  32 223  12   0  57 223 255
255   0   0   0   0   0   5   0   0 250   0  91   0   0   0 255
255 255 255 255 255 255 255 255 255 255 255 255 255 255 255 255

255 255 255 255 255 255 255 255 255 255 255 255 255 255 255 255
255 123  91  91  91 116 255 236 129 234 143 166 183 171 134 255
255  91 205 143 201  91 187  77  71   0 163  67 122 124  79 255
255  91 143   0 132  91 224  79  46 105 210 184  91  45 101 255
255  91 201 132 196  91 255 127  43 175 176 196 123  53 149 255
255 117  91  91  91 110 120 104 103  36 196  91 117  90  83 255
255 145 170 132 181 157 102 146  54 193 157 182 143  66 168 255
255 195 213 203  43 147 166  42  29  75 218 207  99  49 135 255
255 203 214 210  49 143 163 140  36   6 156 116 129 116 129 255
255 255 188 224 255 120  41 146 185 131 102 102 199 102 145 255
255 117  91  91  91 110 102 172 132 102 110  91  91  91 117 255
255  91 201 132 196  91 102 119  42 102  91 196 132 201  91 255
255  91 143   0 132  91 200 189 191 132  91 132   0 143  91 255
255  91 205 143 201  91 102 135 121 170  91 201 143 205  91 255
255 123  91  91  91 116 145 143 234 145 116  91  91  91 123 255
255 255 255 255 255 255 255 255 255 255 255 255 255 255 255 255
255 255 255 255 255 255 255 255 255 255 255 255 255 255 255 255
255 123  91  91  91 116 255 236 129 234 143 166 183 171 134 255
255  91 205 143 201  91 187  77  71   0 163  67 122 124  79 255
255  91 143   0 132  91 224  79  46 105 210 184  91  45 101 255
255  91 201 132 196  91 255 127  43 175 176 196 123  53 149 255
255 117  91  91  91 110 120 104 103  36 196  91 117  90  83 255
255 145 170 132 181 157 102 146  54 193 157 182 143  66 168 255
255 195 213 203  43 147 166  42  29  75 218 207  99  49 135 255
255 203 214 210  49 143 163 140  36   6 156 116 129 116 129 255
255 255 188 224 255 120  41 146 185 131 102 102 199 102 145 255
255 117  91  91  91 110 102 172 132 102 110  91  91  91 117 255
255  91 201 132 196  91 102 119  42 102  91 196 132 201  91 255
255  91 143   0 132  91 200 189 191 132  91 132   0 143  91 255
255  91 205 143 201  91 102 135 121 170  91 201 143 205  91 255
255 123  91  91  91 116 145 143 234 145 116  91  91  91 123 255
255 255 255 255 255 255 255 255 255 255 255 255 255 255 255 255
255 255 255 255 255 255 255 255 255 255 255 255 255 255 255 255
255 123  91  91  91 116 255 236 129 234 143 166 183 171 134 255
255  91 205 143 201  91 187  77  71   0 163  67 122 124  79 255
255  91 143   0 132  91 224  79  46 105 210 184  91  45 101 255
255  91 201 132 196  91 255 127  43 175 176 196 123  53 149 255
255 117  91  91  91 110 120 104 103  36 196  91 117  90  83 255
255 145 170 132 181 157 102 146  54 193 157 182 143  66 168 255
255 195 213 203  43 147 166  42  29  75 218 207  99  49 135 255
255 203 214 210  49 143 163 140  36   6 156 116 129 116 129 255
255 255 188 224 255 120  41 146 185 131 102 102 199 102 145 255
255 117  91  91  91 110 102 172 132 102 110  91  91  91 117 255
255  91 201 132 196  91 102 119  42 102  91 196 132 201  91 255
255  91 143   0 132  91 200 189 191 132  91 132   0 143  91 255
255  91 205 143 201  91 102 135 121 170  91 201 143 205  91 255
255 123  91  91  91 116 145 143 234 145 116  91  91  91 123 255
255 255 255 255 255 255 255 255 255 255 255 255 255 255 255 255

255 255 255 255 255 255 255 255 255 255 255 255 255 255 255 255
255 134  79 101 149  83 168 135 129 145 117  91  91  91 123 255
255 171 124  45  53  90  66  49 116 102  91 201 143 205  91 255
255 183 122  91 123 117 143  99 129 199  91 132   0 143  91 255
255 166  67 184 196  91 182 207 116 102  91 196 132 201  91 255
255 143 163 210 176 196 157 218 156 102 110  91  91  91 116 255
255 234   0 105 175  36 193  75   6 131 102 102 132 170 145 255
255 129  71  46  43 103  54  29  36 185 132  42 191 121 234 255
255 236  77  79 127 104 146  42 140 146 172 119 189 135 143 255
255 255 187 224 255 120 102 166 163  41 102 102 200 102 145 255
255 116  91  91  91 110 157 147 143 120 110  91  91  91 116 255
255  91 201 132 196  91 181  43  49 255  91 196 132 201  91 255
255  91 143   0 132  91 132 203 210 224  91 132   0 143  91 255
255  91 205 143 201  91 170 213 214 188  91 201 143 205  91 255
255 123  91  91  91 117 145 195 203 255 117  91  91  91 123 255
255 255 255 255 255 255 255 255 255 255 255 255 255 255 255 255
255 255 255 255 255 255 255 255 255 255 255 255 255 255 255 255
255 134  79 101 149  83 168 135 129 145 117  91  91  91 123 255
255 171 124  45  53  90  66  49 116 102  91 201 143 205  91 255
255 183 122  91 123 117 143  99 129 199  91 132   0 143  91 255
255 166  67 184 196  91 182 207 116 102  91 196 132 201  91 255
255 143 163 210 176 196 157 218 156 102 110  91  91  91 116 255
255 234   0 105 175  36 193  75   6 131 102 102 132 170 145 255
255 129  71  46  43 103  54  29  36 185 132  42 191 121 234 255
255 236  77  79 127 104 146  42 140 146 172 119 189 135 143 255
255 255 187 224 255 120 102 166 163  41 102 102 200 102 145 255
255 116  91  91  91 110 157 147 143 120 110  91  91  91 116 255
255  91 201 132 196  91 181  43  49 255  91 196 132 201  91 255
255  91 143   0 132  91 132 203 210 224  91 132   0 143  91 255
255  91 205 143 201  91 170 213 214 188  91 201 143 205  91 255
255 123  91  91  91 117 145 195 203 255 117  91  91  91 123 255
255 255 255 255 255 255 255 255 255 255 255 255 255 255 255 255
255 255 255 255 255 255 255 255 255 255 255 255 255 255 255 255
255 134  79 101 149  83 168 135 129 145 117  91  91  91 123 255
255 171 124  45  53  90  66  49 116 102  91 201 143 205  91 255
255 183 122  91 123 117 143  99 129 199  91 132   0 143  91 255
255 166  67 184 196  91 182 207 116 102  91 196 132 201  91 255
255 143 163 210 176 196 157 218 156 102 110  91  91  91 116 255
255 234   0 105 175  36 193  75   6 131 102 102 132 170 145 255
255 129  71  46  43 103  54  29  36 185 132  42 191 121 234 255
255 236  77  79 127 104 146  42 140 146 172 119 189 135 143 255
255 255 187 224 255 120 102 166 163  41 102 102 200 102 145 255
255 116  91  91  91 110 157 147 143 120 110  91  91  91 116 255
255  91 201 132 196  91 181  43  49 255  91 196 132 201  91 255
255  91 143   0 132  91 132 203 210 224  91 132   0 143  91 255
255  91 205 143 201  91 170 213 214 188  91 201 143 205  91 255
255 123  91  91  91 117 145 195 203 255 117  91  91  91 123 255
255 255 255 255 255 255 255 255 255 255 255 255 255 255 255 255

255 255 255 255 255 255 255 255 255 255 255 255 255 255 255 255
255 123  91  91  91 116 145 234 143 145 116  91  91  91 123 255
255  91 205 143 201  91 170 121 135 102  91 201 143 205  91 255
255  91 143   0 132  91 132 191 189 200  91 132   0 143  91 255
255  91 201 132 196  91 102  42 119 102  91 196 132 201  91 255
255 117  91  91  91 110 102 132 172 102 110  91  91  91 117 255
255 145 102 199 102 102 131 185 146  41 120 255 224 188 255 255
255 129 116 129 116 156   6  36 140 163 143  49 210 214 203 255
255 135  49  99 207 218  75  29  42 166 147  43 203 213 195 255
255 168  66 143 182 157 193  54 146 102 157 181 132 170 145 255
255  83  90 117  91 196  36 103 104 120 110  91  91  91 117 255
255 149  53 123 196 176 175  43 127 255  91 196 132 201  91 255
255 101  45  91 184 210 105  46  79 224  91 132   0 143  91 255
255  79 124 122  67 163   0  71  77 187  91 201 143 205  91 255
255 134 171 183 166 143 234 129 236 255 116  91  91  91 123 255
255 255 255 255 255 255 255 255 255 255 255 255 255 255 255 255
255 255 255 255 255 255 255 255 255 255 255 255 255 255 255 255
255 123  91  91  91 116 145 234 143 145 116  91  91  91 123 255
255  91 205 143 201  91 170 121 135 102  91 201 143 205  91 255
255  91 143   0 132  91 132 191 189 200  91 132   0 143  91 255
255  91 201 132 196  91 102  42 119 102  91 196 132 201  91 255
255 117  91  91  91 110 102 132 172 102 110  91  91  91 117 255
255 145 102 199 102 102 131 185 146  41 120 255 224 188 255 255
255 129 116 129 116 156   6  36 140 163 143  49 210 214 203 255
255 135  49  99 207 218  75  29  42 166 147  43 203 213 195 255
255 168  66 143 182 157 193  54 146 102 157 181 132 170 145 255
255  83  90 117  91 196  36 103 104 120 110  91  91  91 117 255
255 149  53 123 196 176 175  43 127 255  91 196 132 201  91 255
255 101  45  91 184 210 105  46  79 224  91 132   0 143  91 255
255  79 124 122  67 163   0  71  77 187  91 201 143 205  91 255
255 134 171 183 166 143 234 129 236 255 116  91  91  91 123 255
255 255 255 255 255 255 255 255 255 255 255 255 255 255 255 255
255 255 255 255 255 255 255 255 255 255 255 255 255 255 255 255
255 123  91  91  91 116 145 234 143 145 116  91  91  91 123 255
255  91 205 143 201  91 170 121 135 102  91 201 143 205  91 255
255  91 143   0 132  91 132 191 189 200  91 132   0 143  91 255
255  91 201 132 196  91 102  42 119 102  91 196 132 201  91 255
255 117  91  91  91 110 102 132 172 102 110  91  91  91 117 255
255 145 102 199 102 102 131 185 146  41 120 255 224 188 255 255
255 129 116 129 116 156   6  36 140 163 143  49 210 214 203 255
255 135  49  99 207 218  75  29  42 166 147  43 203 213 195 255
255 168  66 143 182 157 193  54 146 102 157 181 132 170 145 255
255  83  90 117  91 196  36 103 104 120 110  91  91  91 117 255
255 149  53 123 196 176 175  43 127 255  91 196 132 201  91 255
255 101  45  91 184 210 105  46  79 224  91 132   0 143  91 255
255  79 124 122  67 163   0  71  77 187  91 201 143 205  91 255
255 134 171 183 166 143 234 129 236 255 116  91  91  91 123 255
255 255 255 255 255 255 255 255 255 255 255 255 255 255 255 255
